> polygon_0  area=471.32
91.03 369.00
90.90 368.59
90.65 367.76
90.27 366.52
89.76 364.87
88.82 363.34
87.44 361.92
85.62 360.61
83.38 359.41
80.97 358.85
78.41 358.93
75.69 359.64
72.81 360.98
70.98 363.68
70.20 367.73
70.46 373.12
71.76 379.88
73.40 384.88
75.36 388.12
77.64 389.62
80.26 389.38
82.64 387.94
84.80 385.33
86.74 381.54
88.44 376.57
89.72 372.83
90.58 370.33
91.01 369.07
91.02 369.04
91.02 369.02
91.02 369.01
91.03 369.00
> polygon_1  area=697.45
93.16 362.00
92.77 361.14
92.00 359.43
90.85 356.85
89.31 353.42
87.65 350.68
85.88 348.63
84.00 347.28
82.00 346.62
79.98 346.39
77.94 346.61
75.88 347.26
73.80 348.36
71.92 350.12
70.25 352.54
68.78 355.62
67.51 359.38
66.98 363.25
67.19 367.25
68.13 371.38
69.81 375.62
71.93 378.87
74.48 381.10
77.46 382.32
80.88 382.53
83.88 381.41
86.46 378.97
88.62 375.21
90.38 370.12
91.70 366.27
92.59 363.66
93.06 362.30
93.10 362.18
93.13 362.09
93.15 362.03
93.16 362.00
> polygon_2  area=1188.92
168.22 133.00
167.94 132.38
167.38 131.12
166.54 129.25
165.42 126.75
164.80 123.75
164.69 120.25
165.07 116.25
165.96 111.75
166.43 107.88
166.48 104.62
166.12 102.00
165.34 100.00
164.12 98.10
162.46 96.30
160.36 94.61
157.82 93.01
155.35 92.02
152.95 91.62
150.62 91.82
148.38 92.62
146.25 93.98
144.25 95.91
142.37 98.39
140.62 101.43
139.65 104.90
139.44 108.80
140.02 113.12
141.37 117.88
142.29 122.50
142.77 127.00
142.82 131.38
142.44 135.62
142.97 139.19
144.42 142.08
146.79 144.29
150.07 145.82
153.35 146.08
156.62 145.08
159.88 142.81
163.12 139.27
165.58 136.56
167.23 134.68
168.08 133.61
168.14 133.37
168.18 133.18
168.21 133.06
168.22 133.00
> polygon_3  area=631.74
169.21 138.00
168.85 137.19
168.13 135.56
167.06 133.12
165.62 129.88
163.89 127.16
161.86 124.99
159.54 123.36
156.93 122.26
154.40 121.78
151.97 121.90
149.63 122.64
147.39 123.98
145.49 125.93
143.95 128.48
142.75 131.62
141.91 135.38
141.51 138.69
141.56 141.56
142.05 144.00
142.99 146.00
144.29 147.78
145.96 149.34
148.00 150.68
150.40 151.80
152.80 152.36
155.20 152.36
157.60 151.80
160.00 150.68
162.14 149.21
164.02 147.40
165.63 145.23
166.98 142.72
168.00 140.78
168.70 139.40
169.08 138.59
169.13 138.36
169.17 138.18
169.20 138.06
169.21 138.00
> polygon_4  area=702.37
171.00 174.00
170.72 173.06
170.16 171.19
169.32 168.38
168.19 164.62
166.75 161.48
165.00 158.93
162.94 156.98
160.56 155.64
158.12 154.90
155.61 154.78
153.02 155.26
150.37 156.36
148.03 157.87
146.00 159.79
144.28 162.12
142.87 164.88
142.11 167.81
141.99 170.94
142.53 174.25
143.72 177.75
145.20 180.71
146.98 183.13
149.06 185.02
151.44 186.36
153.88 187.10
156.39 187.22
158.98 186.74
161.63 185.64
163.95 184.20
165.95 182.40
167.63 180.25
168.98 177.75
169.99 175.88
170.66 174.63
171.00 174.00
171.00 174.00
171.00 174.00
171.00 174.00
171.00 174.00
> polygon_5  area=726.91
172.00 167.00
171.75 166.04
171.25 164.13
170.50 161.27
169.50 157.45
168.13 154.20
166.38 151.53
164.25 149.43
161.75 147.91
159.21 147.04
156.64 146.82
154.02 147.26
151.37 148.36
149.03 149.87
147.00 151.79
145.28 154.12
143.87 156.88
143.11 159.88
142.99 163.12
143.53 166.62
144.72 170.38
146.20 173.52
147.98 176.07
150.06 178.02
152.44 179.36
154.88 180.10
157.39 180.22
159.98 179.74
162.63 178.64
164.95 177.20
166.95 175.40
168.63 173.25
169.98 170.75
170.99 168.88
171.66 167.63
172.00 167.00
172.00 167.00
172.00 167.00
172.00 167.00
172.00 167.00
> polygon_6  area=726.91
173.00 159.00
172.75 158.04
172.25 156.13
171.50 153.27
170.50 149.45
169.13 146.20
167.38 143.53
165.25 141.43
162.75 139.91
160.21 139.04
157.64 138.82
155.02 139.26
152.37 140.36
150.03 141.87
148.00 143.79
146.28 146.12
144.87 148.88
144.11 151.88
143.99 155.12
144.53 158.62
145.72 162.38
147.20 165.52
148.98 168.07
151.06 170.02
153.44 171.36
155.88 172.10
158.39 172.22
160.98 171.74
163.63 170.64
165.95 169.20
167.95 167.40
169.63 165.25
170.98 162.75
171.99 160.88
172.66 159.63
173.00 159.00
173.00 159.00
173.00 159.00
173.00 159.00
173.00 159.00
> polygon_7  area=771.78
174.00 206.00
173.76 204.94
173.28 202.81
172.57 199.62
171.61 195.38
170.32 191.81
168.70 188.92
166.74 186.71
164.44 185.18
162.03 184.26
159.51 183.95
156.88 184.24
154.12 185.14
151.69 186.48
149.56 188.24
147.75 190.43
146.25 193.06
145.36 196.09
145.09 199.53
145.43 203.38
146.39 207.62
147.68 211.19
149.30 214.08
151.26 216.29
153.56 217.82
155.97 218.74
158.49 219.05
161.12 218.76
163.88 217.86
166.31 216.52
168.44 214.76
170.25 212.57
171.75 209.94
172.88 207.97
173.63 206.66
174.00 206.00
174.00 206.00
174.00 206.00
174.00 206.00
174.00 206.00
